$ANSIBLE_VAULT;1.1;AES256
37353566643034383761363131633364613131613037303431666361393066363035313739633839
3730626138383931636165636563643635623938303061330a353830363862633437626336393765
32653832366232343663333537636438643833396261303138326563376339336537336363626432
3061333430613539320a303033303862656538613833626436646133386637653332336261333932
36626634633230303835363262653465633835633663323164653439366665363761373162333763
64333930383434373733303337383934396265353333343736666332656335636465353330663130
30643938633535623336323663373732636135376463373261313135393236326234333733336138
38376330616633643665613663373732363665373661343334313262613566653035353438653262
66303163356662623265643766663630666335376466303537633235303934313863666337343464
65363235393261623461666564656635353764336165633231333038356562633734323530613765
35653065396261616462333330366139306635356238626130623466653033333138353539366161
61363430613331616432613634316434333638396633313136613865653762626563336433616663
31306632333637303338316634333633376332313464626466306464366665323736376631666266
35376235626433313263343437636465336338636636353732393330616131373561306431656233
34646231336638376332343962663132376631313866343832666538633261373832653735306436
36656630386466313338383535373261316335313134666537393166393662316162386131313936
31613033376234346538653637633764353634643762303034613437393130373439643463316139
32346433316666666137366639636564383236353064666361383537326430616264323035323366
64643064633964353635336634646336633164336137663864306462616661323466306132616637
33353431656561383333383832363861633931333838633833333637623230393165333863393732
38353238356337306131663139346133656537313566393132356536663139623632333538383066
62663662323834376237383165373766376237656662386262376539316465616164646231656334
31323666653233353266383035346662346132313862333563316330643130353630636431666235
30333262313035363638323766333265373933373266346161333666343337643266313435313833
63373732636566313132373031623363653663623361613031663661306635393338373334396466
36633265393361323836363730656466336162613063306631363563616238623566633165373633
37323535326163306333356530613566303436383037343962623065383930356232613433383033
33313030316263303266356436353135656533316561366630376265626130623361626161333835
31366633353066623866363665336533616438633233623064626435646165356466623565623237
65353761623865663932323132656464376633656364633465666632373835336233313866336638
66663461353265386530316166396563353039626631366332633062306335666238336335353631
64616363633131663730386233643565663839373738383766363033316331303061343535616661
33636666306232623361316661646430353736303037333163313034653330646334373139333266
30643438626435353638383935313666306166626663383033363032653764663065626139346130
64643731326164633138616464376531643738326364613239396535356232613836626431616639
39646363666265386261643935616366393930383033633637353135646434633231353666346564
62333666313631303137663833333034663736303136376464623834363562666339663730386363
39303031386235313938663130316539316338333163353730373234333735313833626562666234
63653661306638306465653536373532376366323165393838396664373164613334623636396632
64663638336364643935633437646632333539353666366437363338366338316331643432353434
35646130323532643963633736646564633331636638633938613364376561636335386138633931
66313033626137323938316362613737613034366437666238333361616637373731616164383130
62373065303030333933633730366636623537313862333536376564653430323664356236623065
30656233373962333138383664393164313638653938363633643839653534373237346436393064
30393262333739353332646237323639663638313562333233356332353966383632333563333166
30376436653762303037663861653839323835393831356136666566656533656161356438373164
65646333386538653061373435336339376166353239386661303031383637356330383263663034
61313034323637663237376134373965613730633939633032333065613565383837636636356334
38633535613532386261623063303330323435396633383665306634373361303234336565343631
34633561663861613866636531613137393035616566396465616432386666313931663462303963
36333537653537306431303230323932633136616130636138313165633433306234383866383037
36353338626230356563313634613536303331666436303135303964393939646138393063636331
34333266313034323832396131346633646464303337653261383661346565346636663436386138
61343062356333646364656230386162356338383634363962353265323837373034346262393331
32613537383035653361393833363632306237666365353339643662346162643939353566366430
63646531643933333736633033643632613361323438333036306565343864626336626563626230
66373838623666376538356161373330636137323639353838393364376134386266343461363264
32333931663537393866343962636436383631313937626531633038363161313662343639393863
62316665666565373632346532343830633235626466643364336161376532383065393338383033
64663565333737313931313964316265646265343465323232653261646333363331393337366230
30623464373535303962336439666330356539373235623133353331366662656161333235376565
37633364386236366261313334663562366131653035663164666236653939373838663033386165
38336362343761303261316633376433316236316130626136376538373231356333663762393235
33633336623066646533646566663732343862623262313266333565366437363165336439313333
61346135623231326466323066616565363662326166353163623337363831653035616562366265
63323937356235643738623434663237363333373464373963383465386562316236326237633162
62333163306330626438613330383135383531613331623163313833353835626331333133346437
39643664366434663862323764316439326637613131323933343635366535356163623437303437
65323161653434383665383363383130333535316135376364323037333963336634623639363565
37643266636664613663396664613436366339653630306566623164346631613065366465616439
62303437363832666462313438666338653639363630346631393833303632656231303661366566
31343463313338366533663666623034376538646632636535373731323166386533633239346331
39323537336534323436643766646364633332656435363933666162626362656333333465356238
31656461623937333662616137353430346538306435363737636533363030393632386662646635
65656236616432376234353166636161336139643036373264313938633734323163333961663939
33656336393631343033663933636434656666383036303036343162653831616532386265316561
35326162356636613762346439626236313139343531386666653431346330366630363334633237
33383262393137303366356539643730663332633165303261316533306262383930323561663034
65373963343438366238623833663331353163366634303631653230376162303966633535323765
34643730396237326464663761396233646230653438356234363631326136366366353865333335
32333132343964363236663130343965653239636234373032316266636233636139353961663163
36316337623932356339633139323361393638343939653934303366616532383336643131316635
61353632653235306461636536653764346336633064323539656238393736353833363732373665
39383238393734356464373136613534323931396239383533366235383737336566623532613833
66656137643765633765383136356431643464356638343063633431366233643065396237336139
38363831623833366262313737653234346335643533326561653830386331656163363636306334
61383236326664393539356162306232343564613636663630363463303335613563613361323265
63666436623261613030613335666534323535663361396163333535333031376263646438633438
36636534346539613139623332376639373936373462346530343334346266636437343036313436
36316165376236343866313630366263346562336264303631616566313661376162346135323231
32353765383635656338303731343338333361333665336535656331633862636338666236643163
39336137663939656666316337616439653035336233616136333364313761633932633231656631
36616234306636626561336630316535353062376430343538626239383661303132343561383062
66656239386461343836306363323135346638386631623964656665363165343138356163313363
38333164313732346264383766353266313338623239346137303931663231333337366233326536
33323861376166613135316430646339653430316131656139653134643939386636346139383362
62613730626366633433303534346337376635626430313631316565323336376430373131343530
64346638663866363733346536353531303735373737383361303739613266623435326462353663
36646338633637343166336132343432373237383062383665363431313261643234666166363138
30326632623732306534343134376339373235616534316432303462386130636532633037316161
64336661633865366138336666316633336239323832623937353364383465663535663330363531
66343234633464306238393938373262393337626336643235643937323066346163383732646234
32373835633037363464346135306365656139346663343232636331373239343865346531303166
63333735613462353864316266326632656464613266383966316161396635393061373566613436
31373535363933663330656564383833353536336138356465643634313535373066323034333634
37613033656136353030653861366330653265353261663933623533313537396662353163303838
34636463336265353137333836656461643336643739656639356131633661363836623838633162
63366363363961613430666436303632303661333739613963376464636561343264653565633264
32653639363134356466313835363637323837333136316566376339396366336634353039653337
34623436323339306531313830356136636436316339616537623035383063313731373264306463
63373930373235653063663838643664616232363764393765333666613234323933373838323434
65646464336530663966346337316239353631396137393763393530353333343366653161383731
61306465633735303139343930346139306561663534653038663662373236313637366663346463
36623332613963303730613663353730383634616538353565623835323831343236316537316235
37303135663565303536313865313462393561313033663236343362643465653564613364346266
37643732336239353234316636396562663433643433353461313062303835306461366430383566
37323830653161623835356133383432333761333831363738646364393732363833383766316235
36666530313139653663363662636565646436653332303966666138363464663033306637666664
37306163356630613930373738643262643166303966363133333463393831666636393037326232
32396462333035633931643038663931666230356161356432376232646565303132393237633436
62363964333236363338626263366361376436653535646165643235323638326465663233633966
32356431646537323434343938396436323232386339623538613964323462366265353035303362
39316466643131663438396237643534626636373433633834663066633464353338643337383266
30373966363739646232373636623237666161643634643034303939636664333465653165653933
30626664633736363866383031353130636330343930326435616235636261313666303262353932
35326435373663396366353664353437313735333939326236333064333132303166356564653233
32643862323431396561343437313035303330393136346435623031626335303965326330316232
63316139343862623630323065356431323563323735613363626631636131313866346661663630
65363738303864613938623766313934636466653034316634363664313334313366333839643864
66303362343636383834646137346436353733613433383537343661616161643730313832643261
36316432343539313039373463653931643739646430666237613862346361623635343338376636
34623763343632313234373439353635393563346163303335653363396664346663313736383664
35306663623061616632383133343936323964356432386533613265663833663164633135653131
61313164366437626665663832363561336537636236386634376464666338323264643762623965
32313566666134643035343930326265663731393237396630313166346533376265396537386639
37386638356162663831636438653435653437326334313962613761336639356630613662643835
62386333656139656463646364346436663437303131653066323536323061326632653264646433
66313931313937316434646566653632363032633738636539373037353634626534363936626536
34623239336336623265653135393531663031313064316237396638303333656433333562626538
38633264633339356162396361356636613330383135386364386163633532653761653064306561
64326566373438643634666264353163643635383663316436613364666562616439336339383165
64333333666632623635396434343632356538393038313164313136363861613635373164663235
63333534656463356564643565383033373830623361306230383936343663323533366362396232
38636665646233646562303936326131633134353163643963633661366635623664636139613130
62313135323339356662353764383936643930323334303838613430366162306234363231633066
39613766666163333134366461633435323165373666326262393163633034616163346438343466
37663238353636393932656239643730323631373232633661666631626234646539663063363937
30646661363731626331346463373335303832313232303262396661336530656637353135393464
63343966306239636562303038656234626138346136303930666361633632613730396434646239
34373166383937643532636330363738313337383032303539353263386238313935386439633666
34376532326664633938653430376162633731666363623463383838623064356162386639383666
66653061636264323439633962346131646539633432626565343963633033653534383865326132
62386237346233326238656230663162393162623861666533323037633966643836326638613030
38383461303662383139333834353833346636646232306537326134623962373633613262643261
65336538313466343862303631663436653838356337386364366538386632373231633330646162
62356238303439353465396463613465383166376362343434616630366265663131373434646365
33346237623062346561636434653466336235363536656235346633373336613238333436363362
33353639346563626663333134343639663366323532363764626539306463386336643961313632
36653935663563363666643234356236626664333033633433366239383565356438633561306439
36366438636463353437393938623035323738333833663835663330326562363531323466613638
33376130656163653131333366386336366432306531653534343935623830316165633935306230
34616564366231633431353938313037336366656537353665613039626164313862613431636232
31353663653735333734346138336539363532303564363663303563656234343165616463623032
36633935623331353965343832393237353632646533346138613137633138663339346566373164
33313539346339363331396135636232363730386636323666336532323638653237636262323233
30396463346233333937316139636633653062303365373565386431313563336536333932326133
33643039646532336263336432383131393166643630633066643339666438346133646536663538
37333530393935363134
